<!DOCTYPE HTML>
<html>
  <head>
    <meta charset="UTF-8">
    <title>TOMTOM</title>
    <script>
      // @JSON_VAR data
      var data = {
        "program": "Tomtom",
        "version": "4.12.0",
        "release": "Tue Jun 27 16:22:50 2017 -0700",
        "cmd": [
          "tomtom", "-o", "tomtom_out/ArabidopsisDAPv1/",
          "selectedMotifs.pwm", "databases/ArabidopsisDAPv1.meme"
        ],
        "options": {
          "strands": "both",
          "distance_measure": "ed",
          "threshold_type": "qvalue",
          "threshold_value": 0.5,
          "background_source": "first_target"
        },
        "alphabet": {
          "name": "DNA",
          "like": "dna",
          "ncore": 4,
          "symbols": [
            {
              "symbol": "A",
              "name": "Adenine",
              "colour": "CC0000",
              "complement": "T"
            }, {
              "symbol": "C",
              "name": "Cytosine",
              "colour": "0000CC",
              "complement": "G"
            }, {
              "symbol": "G",
              "name": "Guanine",
              "colour": "FFB300",
              "complement": "C"
            }, {
              "symbol": "T",
              "aliases": "U",
              "name": "Thymine",
              "colour": "008000",
              "complement": "A"
            }, {
              "symbol": "N",
              "aliases": "X.",
              "name": "Any base",
              "equals": "ACGT"
            }, {
              "symbol": "V",
              "name": "Not T",
              "equals": "ACG"
            }, {
              "symbol": "H",
              "name": "Not G",
              "equals": "ACT"
            }, {
              "symbol": "D",
              "name": "Not C",
              "equals": "AGT"
            }, {
              "symbol": "B",
              "name": "Not A",
              "equals": "CGT"
            }, {
              "symbol": "M",
              "name": "Amino",
              "equals": "AC"
            }, {
              "symbol": "R",
              "name": "Purine",
              "equals": "AG"
            }, {
              "symbol": "W",
              "name": "Weak",
              "equals": "AT"
            }, {
              "symbol": "S",
              "name": "Strong",
              "equals": "CG"
            }, {
              "symbol": "Y",
              "name": "Pyrimidine",
              "equals": "CT"
            }, {
              "symbol": "K",
              "name": "Keto",
              "equals": "GT"
            }
          ]
        },
        "background": [0.25, 0.25, 0.25, 0.25],
        "query_dbs": [
          {
            "source": "selectedMotifs.pwm",
            "name": "selectedMotifs",
            "loaded": 12,
            "excluded": 0,
            "last_modified": "Thu Apr 19 13:52:37 2018"
          }
        ],
        "target_dbs": [
          {
            "source": "databases/ArabidopsisDAPv1.meme",
            "name": "ArabidopsisDAPv1",
            "loaded": 872,
            "excluded": 0,
            "last_modified": "Wed Dec  6 21:59:28 2017"
          }
        ],
        "queries": [
          {
            "db": 0,
            "id": "DME_GADGAYKAS",
            "len": 9,
            "nsites": 100,
            "evalue": "1.0e-003",
            "pwm": [
              [0.00024975, 0.00024975, 0.999251, 0.00024975], 
              [0.999251, 0.00024975, 0.00024975, 0.00024975], 
              [0.635978, 0.00024975, 0.181886, 0.181886], 
              [0.00024975, 0.00024975, 0.999251, 0.00024975], 
              [0.999251, 0.00024975, 0.00024975, 0.00024975], 
              [0.00024975, 0.091068, 0.00024975, 0.908432], 
              [0.00024975, 0.00024975, 0.454341, 0.545159], 
              [0.999251, 0.00024975, 0.00024975, 0.00024975], 
              [0.00024975, 0.181886, 0.817614, 0.00024975]
            ]
          }, {
            "db": 0,
            "id": "DME_GRHTGDTGA",
            "len": 9,
            "nsites": 100,
            "evalue": "1.0e-003",
            "pwm": [
              [0.00024975, 0.00024975, 0.999251, 0.00024975], 
              [0.49975, 0.00024975, 0.49975, 0.00024975], 
              [0.29995, 0.10015, 0.00024975, 0.59965], 
              [0.00024975, 0.00024975, 0.00024975, 0.999251], 
              [0.00024975, 0.00024975, 0.999251, 0.00024975], 
              [0.29995, 0.00024975, 0.29995, 0.39985], 
              [0.00024975, 0.00024975, 0.00024975, 0.999251], 
              [0.00024975, 0.00024975, 0.999251, 0.00024975], 
              [0.999251, 0.00024975, 0.00024975, 0.00024975]
            ]
          }, {
            "db": 0,
            "id": "DME_MARKGDSRGA",
            "len": 10,
            "nsites": 100,
            "evalue": "1.0e-003",
            "pwm": [
              [0.799451, 0.20005, 0.00024975, 0.00024975], 
              [0.999251, 0.00024975, 0.00024975, 0.00024975], 
              [0.69955, 0.00024975, 0.29995, 0.00024975], 
              [0.00024975, 0.00024975, 0.49975, 0.49975], 
              [0.00024975, 0.00024975, 0.999251, 0.00024975], 
              [0.59965, 0.00024975, 0.10015, 0.29995], 
              [0.00024975, 0.29995, 0.69955, 0.00024975], 
              [0.799451, 0.00024975, 0.20005, 0.00024975], 
              [0.00024975, 0.00024975, 0.999251, 0.00024975], 
              [0.999251, 0.00024975, 0.00024975, 0.00024975]
            ]
          }, {
            "db": 0,
            "id": "gimme_102_Improbizer_GCGTTATACCCGAGGATCAG",
            "len": 20,
            "nsites": 100,
            "evalue": "1.0e-003",
            "pwm": [
              [0.231019, 0.0791715, 0.382867, 0.306943], 
              [0.231019, 0.306943, 0.231019, 0.231019], 
              [0.231019, 0.0791715, 0.382867, 0.306943], 
              [0.155095, 0.306943, 0.155095, 0.382867], 
              [0.155095, 0.155095, 0.231019, 0.45879], 
              [0.610638, 0.231019, 0.0791715, 0.0791715], 
              [0.0791715, 0.155095, 0.155095, 0.610638], 
              [0.45879, 0.0791715, 0.306943, 0.155095], 
              [0.382867, 0.382867, 0.0791715, 0.155095], 
              [0.155095, 0.382867, 0.306943, 0.155095], 
              [0.155095, 0.534714, 0.00324774, 0.306943], 
              [0.00325074, 0.00325074, 0.990248, 0.00325074], 
              [0.990248, 0.00325074, 0.00325074, 0.00325074], 
              [0.0791715, 0.0791715, 0.534714, 0.306943], 
              [0.00325074, 0.00325074, 0.990248, 0.00325074], 
              [0.838248, 0.0792505, 0.00325074, 0.0792505], 
              [0.00325074, 0.00325074, 0.00325074, 0.990248], 
              [0.00324774, 0.45879, 0.306943, 0.231019], 
              [0.534714, 0.0791715, 0.0791715, 0.306943], 
              [0.155095, 0.231019, 0.382867, 0.231019]
            ]
          }, {
            "db": 0,
            "id": "gimme_104_Improbizer_GTGCAACGGAGAGT",
            "len": 14,
            "nsites": 100,
            "evalue": "1.0e-003",
            "pwm": [
              [0.231019, 0.00324774, 0.534714, 0.231019], 
              [0.306943, 0.00324774, 0.155095, 0.534714], 
              [0.00324774, 0.155095, 0.534714, 0.306943], 
              [0.231019, 0.534714, 0.0791715, 0.155095], 
              [0.534714, 0.231019, 0.0791715, 0.155095], 
              [0.45879, 0.382867, 0.00324774, 0.155095], 
              [0.306943, 0.382867, 0.00324774, 0.306943], 
              [0.00325074, 0.00325074, 0.990248, 0.00325074], 
              [0.15525, 0.00325074, 0.838248, 0.00325074], 
              [0.686562, 0.0791715, 0.155095, 0.0791715], 
              [0.0792505, 0.00325074, 0.914248, 0.00325074], 
              [0.990248, 0.00325074, 0.00325074, 0.00325074], 
              [0.231019, 0.0791715, 0.686562, 0.00324774], 
              [0.0792505, 0.0792505, 0.0792505, 0.762248]
            ]
          }, {
            "db": 0,
            "id": "gimme_105_Improbizer_AACACACGTTTATTAGATGTTT",
            "len": 22,
            "nsites": 100,
            "evalue": "1.0e-003",
            "pwm": [
              [0.610638, 0.231019, 0.0791715, 0.0791715], 
              [0.382867, 0.155095, 0.382867, 0.0791715], 
              [0.15525, 0.762248, 0.00325074, 0.0792505], 
              [0.990248, 0.00325074, 0.00325074, 0.00325074], 
              [0.15525, 0.838248, 0.00325074, 0.00325074], 
              [0.534714, 0.231019, 0.155095, 0.0791715], 
              [0.00325074, 0.914248, 0.0792505, 0.00325074], 
              [0.00325074, 0.00325074, 0.914248, 0.0792505], 
              [0.00325074, 0.0792505, 0.00325074, 0.914248], 
              [0.306943, 0.0791715, 0.155095, 0.45879], 
              [0.231019, 0.306943, 0.00324774, 0.45879], 
              [0.838248, 0.00325074, 0.0792505, 0.0792505], 
              [0.231019, 0.00324774, 0.155095, 0.610638], 
              [0.155095, 0.00324774, 0.382867, 0.45879], 
              [0.45879, 0.382867, 0.00324774, 0.155095], 
              [0.306943, 0.155095, 0.306943, 0.231019], 
              [0.45879, 0.00324774, 0.231019, 0.306943], 
              [0.155095, 0.231019, 0.155095, 0.45879], 
              [0.231019, 0.0791715, 0.45879, 0.231019], 
              [0.155095, 0.231019, 0.306943, 0.306943], 
              [0.155095, 0.0791715, 0.382867, 0.382867], 
              [0.231019, 0.231019, 0.00324774, 0.534714]
            ]
          }, {
            "db": 0,
            "id": "gimme_132_MEME_3_w10",
            "len": 10,
            "nsites": 100,
            "evalue": "1.0e-003",
            "pwm": [
              [0.000326573, 0.922198, 0.0771492, 0.000326573], 
              [0.0771492, 0.38444, 0.153972, 0.38444], 
              [0.538085, 0.0771492, 0.38444, 0.000326573], 
              [0.99902, 0.000326573, 0.000326573, 0.000326573], 
              [0.000326573, 0.000326573, 0.99902, 0.000326573], 
              [0.000326573, 0.461262, 0.538085, 0.000326573], 
              [0.000326573, 0.538085, 0.000326573, 0.461262], 
              [0.99902, 0.000326573, 0.000326573, 0.000326573], 
              [0.000326573, 0.69173, 0.307617, 0.000326573], 
              [0.69173, 0.000326573, 0.307617, 0.000326573]
            ]
          }, {
            "db": 0,
            "id": "gimme_13_BioProspector_w10_3",
            "len": 10,
            "nsites": 100,
            "evalue": "1.0e-003",
            "pwm": [
              [0.0100399, 0.0794633, 0.378034, 0.532463], 
              [0.0100409, 0.00484614, 0.00484614, 0.980267], 
              [0.681767, 0.00484614, 0.303346, 0.0100409], 
              [0.0100399, 0.00484568, 0.975074, 0.0100399], 
              [0.0846576, 0.900457, 0.00484568, 0.0100399], 
              [0.084666, 0.00484614, 0.00484614, 0.905642], 
              [0.159291, 0.825822, 0.00484614, 0.0100409], 
              [0.607141, 0.0794712, 0.00484614, 0.308541], 
              [0.0100409, 0.154096, 0.825822, 0.0100409], 
              [0.0100409, 0.0794712, 0.00484614, 0.905642]
            ]
          }, {
            "db": 0,
            "id": "gimme_143_MEME_4_w12",
            "len": 12,
            "nsites": 100,
            "evalue": "1.0e-003",
            "pwm": [
              [0.00034961, 0.49965, 0.49965, 0.00034961], 
              [0.998951, 0.00034961, 0.00034961, 0.00034961], 
              [0.00034961, 0.39979, 0.10021, 0.49965], 
              [0.00034961, 0.00034961, 0.998951, 0.00034961], 
              [0.29993, 0.10021, 0.49965, 0.10021], 
              [0.00034961, 0.00034961, 0.29993, 0.699371], 
              [0.00034961, 0.29993, 0.699371, 0.00034961], 
              [0.899091, 0.00034961, 0.10021, 0.00034961], 
              [0.00034961, 0.00034961, 0.00034961, 0.998951], 
              [0.29993, 0.00034961, 0.699371, 0.00034961], 
              [0.00034961, 0.00034961, 0.00034961, 0.998951], 
              [0.00034961, 0.29993, 0.699371, 0.00034961]
            ]
          }, {
            "db": 0,
            "id": "gimme_146_MEME_7_w12",
            "len": 12,
            "nsites": 100,
            "evalue": "1.0e-003",
            "pwm": [
              [0.000340536, 0.181911, 0.726623, 0.0911258], 
              [0.000340536, 0.817408, 0.000340536, 0.181911], 
              [0.998978, 0.000340536, 0.000340536, 0.000340536], 
              [0.545052, 0.000340536, 0.454267, 0.000340536], 
              [0.545052, 0.000340536, 0.454267, 0.000340536], 
              [0.000340536, 0.181911, 0.817408, 0.000340536], 
              [0.272696, 0.726623, 0.000340536, 0.000340536], 
              [0.635837, 0.0911258, 0.000340536, 0.272696], 
              [0.000340536, 0.635837, 0.272696, 0.0911258], 
              [0.998978, 0.000340536, 0.000340536, 0.000340536], 
              [0.0911258, 0.000340536, 0.908193, 0.000340536], 
              [0.726623, 0.181911, 0.000340536, 0.0911258]
            ]
          }, {
            "db": 0,
            "id": "gimme_16_BioProspector_w12_1",
            "len": 12,
            "nsites": 100,
            "evalue": "1.0e-003",
            "pwm": [
              [0.00774323, 0.406043, 0.57847, 0.00774323], 
              [0.812317, 0.00374759, 0.176192, 0.00774398], 
              [0.295055, 0.118732, 0.176174, 0.410039], 
              [0.00774398, 0.00374759, 0.980764, 0.00774398], 
              [0.639909, 0.00374724, 0.348601, 0.00774323], 
              [0.524976, 0.176192, 0.00374759, 0.295084], 
              [0.00774398, 0.750872, 0.00374759, 0.237636], 
              [0.237612, 0.118732, 0.00374724, 0.639909], 
              [0.00774398, 0.00374759, 0.00374759, 0.984761], 
              [0.00774398, 0.00374759, 0.980764, 0.00774398], 
              [0.697421, 0.00374759, 0.00374759, 0.295084], 
              [0.00774323, 0.291159, 0.635913, 0.0651856]
            ]
          }, {
            "db": 0,
            "id": "gimme_92_MDmodule_Motif.12.3",
            "len": 12,
            "nsites": 100,
            "evalue": "1.0e-003",
            "pwm": [
              [0.0305491, 0.908353, 0.0608182, 0.000280019], 
              [0.878084, 0.000280019, 0.121356, 0.000280019], 
              [0.272702, 0.393778, 0.151625, 0.181895], 
              [0.242433, 0.0608182, 0.6662, 0.0305491], 
              [0.817545, 0.0305491, 0.0608182, 0.0910873], 
              [0.575393, 0.242433, 0.0910873, 0.0910873], 
              [0.0305491, 0.878084, 0.0910873, 0.000280019], 
              [0.302971, 0.121356, 0.000280019, 0.575393], 
              [0.000280019, 0.000280019, 0.000280019, 0.99916], 
              [0.0305491, 0.0910873, 0.6662, 0.212164], 
              [0.757007, 0.000280019, 0.000280019, 0.242433], 
              [0.212164, 0.121356, 0.545124, 0.121356]
            ]
          }
        ],
        "targets": [
          {
            "db": 0,
            "id": "ABI3VP1_tnt.AT5G18090_col_a_m1",
            "alt": "AT5G18090",
            "len": 15,
            "nsites": 147,
            "evalue": "2.1e-117",
            "url": "http://neomorph.salk.edu/dap_web/pages/browse_table_aj.php?AGI=AT5G18090",
            "pwm": [
              [0.244901, 0.163324, 0.401258, 0.190516], 
              [0.414854, 0.149728, 0.238103, 0.197315], 
              [0.312882, 0.176921, 0.129334, 0.380863], 
              [0.000169952, 0.000169952, 0.99949, 0.000169952], 
              [0.99949, 0.000169952, 0.000169952, 0.000169952], 
              [0.000169952, 0.000169952, 0.000169952, 0.99949], 
              [0.000169952, 0.00696833, 0.992692, 0.000169952], 
              [0.99949, 0.000169952, 0.000169952, 0.000169952], 
              [0.99949, 0.000169952, 0.000169952, 0.000169952], 
              [0.292488, 0.122536, 0.360469, 0.224507], 
              [0.39446, 0.258497, 0.176921, 0.170122], 
              [0.380863, 0.190516, 0.204113, 0.224507], 
              [0.340075, 0.163324, 0.278892, 0.217709], 
              [0.435248, 0.14293, 0.210911, 0.210911], 
              [0.265296, 0.102142, 0.326479, 0.306084]
            ]
          }, {
            "db": 0,
            "id": "BES1_tnt.BAM8_col_a_m1",
            "alt": "BAM8",
            "len": 15,
            "nsites": 600,
            "evalue": "6.9e-1560",
            "url": "http://neomorph.salk.edu/dap_web/pages/browse_table_aj.php?AGI=BAM8",
            "pwm": [
              [0.0566992, 0.343317, 0.00837327, 0.59161], 
              [0.0317034, 0.83157, 0.07003, 0.0666976], 
              [0.694926, 0.0616984, 0.23167, 0.0117067], 
              [4.16597e-05, 0.998208, 4.16597e-05, 0.00170838], 
              [0.998208, 4.16597e-05, 0.00170838, 4.16597e-05], 
              [0.0033741, 0.996543, 4.16597e-05, 4.16597e-05], 
              [4.16597e-05, 4.16597e-05, 0.999875, 4.16597e-05], 
              [4.16597e-05, 0.0167059, 4.16597e-05, 0.983211], 
              [0.021705, 4.16597e-05, 0.974879, 0.0033741], 
              [0.0483666, 0.406641, 0.0200383, 0.524954], 
              [0.140018, 0.401642, 0.413306, 0.0450342], 
              [0.491627, 0.121688, 0.155016, 0.23167], 
              [0.4483, 0.165014, 0.205007, 0.181678], 
              [0.278328, 0.324988, 0.166681, 0.230003], 
              [0.161682, 0.216673, 0.185011, 0.436636]
            ]
          }, {
            "db": 0,
            "id": "BES1_tnt.BAM8_colamp_a_m1",
            "alt": "BAM8",
            "len": 15,
            "nsites": 590,
            "evalue": "3.0e-1431",
            "url": "http://neomorph.salk.edu/dap_web/pages/browse_table_aj.php?AGI=BAM8",
            "pwm": [
              [0.352525, 0.247458, 0.222039, 0.177978], 
              [0.255931, 0.223733, 0.281351, 0.238985], 
              [0.113582, 0.218649, 0.19323, 0.474538], 
              [0.213565, 0.147475, 0.122056, 0.516904], 
              [0.0746057, 0.454202, 0.294907, 0.176283], 
              [0.501652, 4.23657e-05, 0.48979, 0.00851593], 
              [4.23657e-05, 0.955812, 4.23657e-05, 0.0441029], 
              [0.999873, 4.23657e-05, 4.23657e-05, 4.23657e-05], 
              [4.23657e-05, 0.999873, 4.23657e-05, 4.23657e-05], 
              [4.23657e-05, 4.23657e-05, 0.999873, 4.23657e-05], 
              [4.23657e-05, 0.00343179, 4.23657e-05, 0.996483], 
              [4.23657e-05, 4.23657e-05, 0.999873, 4.23657e-05], 
              [0.0627437, 0.137307, 0.0746057, 0.725343], 
              [0.0322399, 0.272877, 0.672809, 0.0220726], 
              [0.537239, 0.0119044, 0.318632, 0.132223]
            ]
          }, {
            "db": 0,
            "id": "BZR_tnt.At1g78700_col_a_m1",
            "alt": "At1g78700",
            "len": 11,
            "nsites": 598,
            "evalue": "2.2e-1466",
            "url": "http://neomorph.salk.edu/dap_web/pages/browse_table_aj.php?AGI=At1g78700",
            "pwm": [
              [4.1799e-05, 0.541757, 0.00672968, 0.451471], 
              [0.26254, 0.00171352, 0.735705, 4.1799e-05], 
              [4.1799e-05, 0.999875, 4.1799e-05, 4.1799e-05], 
              [0.999875, 4.1799e-05, 4.1799e-05, 4.1799e-05], 
              [4.1799e-05, 0.999875, 4.1799e-05, 4.1799e-05], 
              [4.1799e-05, 4.1799e-05, 0.999875, 4.1799e-05], 
              [0.00338524, 4.1799e-05, 4.1799e-05, 0.996531], 
              [4.1799e-05, 4.1799e-05, 0.999875, 4.1799e-05], 
              [0.0217772, 0.220741, 0.10872, 0.648762], 
              [0.15219, 0.147174, 0.610308, 0.0903277], 
              [0.319386, 0.199006, 0.326074, 0.155534]
            ]
          }, {
            "db": 0,
            "id": "BZR_tnt.At1g78700_colamp_a_m1",
            "alt": "At1g78700",
            "len": 15,
            "nsites": 140,
            "evalue": "5.9e-274",
            "url": "http://neomorph.salk.edu/dap_web/pages/browse_table_aj.php?AGI=At1g78700",
            "pwm": [
              [0.157209, 0.328515, 0.278551, 0.235724], 
              [0.0501428, 0.549786, 0.0430049, 0.357067], 
              [0.342791, 0.035867, 0.621164, 0.000178444], 
              [0.000178444, 0.999465, 0.000178444, 0.000178444], 
              [0.999465, 0.000178444, 0.000178444, 0.000178444], 
              [0.000178444, 0.999465, 0.000178444, 0.000178444], 
              [0.000178444, 0.000178444, 0.999465, 0.000178444], 
              [0.000178444, 0.000178444, 0.000178444, 0.999465], 
              [0.000178444, 0.000178444, 0.999465, 0.000178444], 
              [0.0929692, 0.18576, 0.0501428, 0.671128], 
              [0.0715565, 0.164347, 0.642577, 0.121521], 
              [0.264276, 0.200036, 0.235724, 0.299964], 
              [0.428444, 0.171485, 0.207174, 0.192898], 
              [0.121521, 0.192898, 0.214311, 0.471271], 
              [0.150071, 0.192898, 0.200036, 0.456995]
            ]
          }, {
            "db": 0,
            "id": "BZR_tnt.At4g18890_col_a_m1",
            "alt": "At4g18890",
            "len": 11,
            "nsites": 590,
            "evalue": "1.3e-1334",
            "url": "http://neomorph.salk.edu/dap_web/pages/browse_table_aj.php?AGI=At4g18890",
            "pwm": [
              [0.0051265, 0.540629, 0.072911, 0.381334], 
              [0.303381, 0.0474923, 0.649085, 4.23657e-05], 
              [4.23657e-05, 0.998178, 4.23657e-05, 0.00173708], 
              [0.999873, 4.23657e-05, 4.23657e-05, 4.23657e-05], 
              [4.23657e-05, 0.999873, 4.23657e-05, 4.23657e-05], 
              [0.00173708, 4.23657e-05, 0.998178, 4.23657e-05], 
              [0.00173708, 4.23657e-05, 4.23657e-05, 0.998178], 
              [4.23657e-05, 4.23657e-05, 0.999873, 4.23657e-05], 
              [0.0864687, 0.125445, 0.10172, 0.686367], 
              [0.10172, 0.23729, 0.572826, 0.0881634], 
              [0.405059, 0.154253, 0.303381, 0.137307]
            ]
          }, {
            "db": 0,
            "id": "BZR_tnt.At4g18890_colamp_a_m1",
            "alt": "At4g18890",
            "len": 11,
            "nsites": 304,
            "evalue": "2.3e-688",
            "url": "http://neomorph.salk.edu/dap_web/pages/browse_table_aj.php?AGI=At4g18890",
            "pwm": [
              [0.0198127, 0.513071, 0.0855801, 0.381536], 
              [0.273018, 0.00337013, 0.723528, 8.22098e-05], 
              [8.22098e-05, 0.996465, 8.22098e-05, 0.00337013], 
              [0.999753, 8.22098e-05, 8.22098e-05, 8.22098e-05], 
              [8.22098e-05, 0.999753, 8.22098e-05, 8.22098e-05], 
              [8.22098e-05, 8.22098e-05, 0.999753, 8.22098e-05], 
              [8.22098e-05, 8.22098e-05, 8.22098e-05, 0.999753], 
              [8.22098e-05, 8.22098e-05, 0.999753, 8.22098e-05], 
              [0.0395432, 0.180944, 0.115176, 0.664338], 
              [0.118464, 0.144772, 0.667626, 0.0691385], 
              [0.41442, 0.134906, 0.328921, 0.121753]
            ]
          }, {
            "db": 0,
            "id": "BZR_tnt.At4g36780_col_a_m1",
            "alt": "At4g36780",
            "len": 11,
            "nsites": 599,
            "evalue": "2.9e-1569",
            "url": "http://neomorph.salk.edu/dap_web/pages/browse_table_aj.php?AGI=At4g36780",
            "pwm": [
              [0.138583, 0.307169, 0.171966, 0.382282], 
              [0.0601317, 0.691078, 0.110207, 0.138583], 
              [0.677725, 0.120222, 0.176974, 0.0250795], 
              [4.17293e-05, 0.999875, 4.17293e-05, 4.17293e-05], 
              [0.998206, 4.17293e-05, 4.17293e-05, 0.00171045], 
              [4.17293e-05, 0.999875, 4.17293e-05, 4.17293e-05], 
              [4.17293e-05, 4.17293e-05, 0.999875, 4.17293e-05], 
              [4.17293e-05, 4.17293e-05, 4.17293e-05, 0.999875], 
              [4.17293e-05, 4.17293e-05, 0.999875, 4.17293e-05], 
              [4.17293e-05, 0.679394, 0.00171045, 0.318854], 
              [0.390628, 4.17293e-05, 0.609289, 4.17293e-05]
            ]
          }, {
            "db": 0,
            "id": "BZR_tnt.At4g36780_colamp_a_m1",
            "alt": "At4g36780",
            "len": 14,
            "nsites": 236,
            "evalue": "1.4e-558",
            "url": "http://neomorph.salk.edu/dap_web/pages/browse_table_aj.php?AGI=At4g36780",
            "pwm": [
              [0.228823, 0.21188, 0.110228, 0.449069], 
              [0.0424609, 0.686256, 0.110228, 0.161055], 
              [0.512601, 0.0509314, 0.415184, 0.0212829], 
              [0.000105887, 0.982741, 0.000105887, 0.0170477], 
              [0.999682, 0.000105887, 0.000105887, 0.000105887], 
              [0.000105887, 0.999682, 0.000105887, 0.000105887], 
              [0.000105887, 0.000105887, 0.999682, 0.000105887], 
              [0.000105887, 0.000105887, 0.000105887, 0.999682], 
              [0.000105887, 0.0085773, 0.986976, 0.00434109], 
              [0.000105887, 0.444832, 0.000105887, 0.554956], 
              [0.283884, 0.000105887, 0.703198, 0.0128125], 
              [0.152583, 0.415184, 0.317768, 0.114464], 
              [0.385536, 0.245765, 0.194938, 0.173761], 
              [0.0975226, 0.16529, 0.16529, 0.571898]
            ]
          }, {
            "db": 0,
            "id": "BZR_tnt.BZR1_col_a_m1",
            "alt": "BZR1",
            "len": 20,
            "nsites": 588,
            "evalue": "5.4e-1477",
            "url": "http://neomorph.salk.edu/dap_web/pages/browse_table_aj.php?AGI=BZR1",
            "pwm": [
              [0.16158, 0.442144, 0.222794, 0.173482], 
              [0.00684435, 0.882545, 0.00684435, 0.103766], 
              [0.59688, 0.0578557, 0.345222, 4.25098e-05], 
              [4.25098e-05, 0.977767, 4.25098e-05, 0.0221478], 
              [0.974367, 0.00174322, 0.00684435, 0.0170466], 
              [4.25098e-05, 0.999872, 4.25098e-05, 4.25098e-05], 
              [4.25098e-05, 4.25098e-05, 0.999872, 4.25098e-05], 
              [0.00854406, 4.25098e-05, 4.25098e-05, 0.991371], 
              [4.25098e-05, 4.25098e-05, 0.999872, 4.25098e-05], 
              [0.0187463, 0.47105, 0.0663582, 0.443845], 
              [0.362226, 0.0799609, 0.476152, 0.0816616], 
              [0.33672, 0.251701, 0.154778, 0.256802], 
              [0.280607, 0.287409, 0.193888, 0.238097], 
              [0.180284, 0.258502, 0.132673, 0.428541], 
              [0.188786, 0.290809, 0.226194, 0.29421], 
              [0.282308, 0.244899, 0.124171, 0.348622], 
              [0.239798, 0.268704, 0.166681, 0.324817], 
              [0.255101, 0.222794, 0.20579, 0.316316], 
              [0.278907, 0.258502, 0.144576, 0.318015], 
              [0.16328, 0.231296, 0.214292, 0.391132]
            ]
          }, {
            "db": 0,
            "id": "C2C2gata_tnt.GATA15_col_b_m1",
            "alt": "GATA15",
            "len": 19,
            "nsites": 342,
            "evalue": "2.0e-1337",
            "url": "http://neomorph.salk.edu/dap_web/pages/browse_table_aj.php?AGI=GATA15",
            "pwm": [
              [0.00884251, 0.695776, 0.251462, 0.0439203], 
              [0.944241, 7.3078e-05, 0.0146888, 0.0409971], 
              [0.0117657, 0.0468434, 7.3078e-05, 0.941318], 
              [0.0205351, 0.745469, 0.210538, 0.0234582], 
              [0.967626, 7.3078e-05, 0.0205351, 0.0117657], 
              [0.00299622, 0.0351508, 7.3078e-05, 0.96178], 
              [0.0205351, 0.882856, 0.0439203, 0.0526897], 
              [0.912087, 0.0205351, 0.0117657, 0.0556128], 
              [0.0526897, 0.0731507, 0.0176119, 0.856548], 
              [0.0614591, 0.710391, 0.178384, 0.0497665], 
              [0.900395, 0.00591937, 0.038074, 0.0556128], 
              [0.0351508, 0.0497665, 0.0205351, 0.894549], 
              [0.0439203, 0.871163, 0.0322277, 0.0526897], 
              [0.839009, 0.0117657, 0.0497665, 0.099459], 
              [0.0293045, 0.0760739, 0.038074, 0.856548], 
              [0.111152, 0.707468, 0.175461, 0.00591937], 
              [0.847778, 0.038074, 0.0614591, 0.0526897], 
              [0.125767, 0.0234582, 0.00591937, 0.844855], 
              [0.0556128, 0.780547, 0.058536, 0.105305]
            ]
          }, {
            "db": 0,
            "id": "C2C2gata_tnt.GATA16_col_a_m1",
            "alt": "GATA16",
            "len": 27,
            "nsites": 48,
            "evalue": "5.7e-289",
            "url": "http://neomorph.salk.edu/dap_web/pages/browse_table_aj.php?AGI=GATA16",
            "pwm": [
              [0.0628898, 0.915281, 0.0213094, 0.000519751], 
              [0.83212, 0.0213094, 0.0213094, 0.12526], 
              [0.10447, 0.0213094, 0.0628898, 0.811331], 
              [0.000519751, 0.665801, 0.27079, 0.0628898], 
              [0.76975, 0.0836795, 0.0421001, 0.10447], 
              [0.0628898, 0.0836795, 0.000519751, 0.852911], 
              [0.0628898, 0.852911, 0.0836795, 0.000519751], 
              [0.936071, 0.0213094, 0.000519751, 0.0421001], 
              [0.0213094, 0.0421001, 0.000519751, 0.936071], 
              [0.000519751, 0.76975, 0.20842, 0.0213094], 
              [0.998441, 0.000519751, 0.000519751, 0.000519751], 
              [0.000519751, 0.0421001, 0.0628898, 0.89449], 
              [0.0213094, 0.74896, 0.10447, 0.12526], 
              [0.852911, 0.000519751, 0.12526, 0.0213094], 
              [0.0213094, 0.0421001, 0.000519751, 0.936071], 
              [0.0421001, 0.68659, 0.18763, 0.0836795], 
              [0.83212, 0.12526, 0.0421001, 0.000519751], 
              [0.0628898, 0.000519751, 0.000519751, 0.936071], 
              [0.12526, 0.76975, 0.0836795, 0.0213094], 
              [0.998441, 0.000519751, 0.000519751, 0.000519751], 
              [0.000519751, 0.0836795, 0.000519751, 0.915281], 
              [0.0628898, 0.76975, 0.16684, 0.000519751], 
              [0.89449, 0.000519751, 0.0836795, 0.0213094], 
              [0.000519751, 0.12526, 0.000519751, 0.873701], 
              [0.0213094, 0.915281, 0.0421001, 0.0213094], 
              [0.95686, 0.000519751, 0.000519751, 0.0421001], 
              [0.0836795, 0.0628898, 0.000519751, 0.852911]
            ]
          }, {
            "db": 0,
            "id": "C2C2gata_tnt.GATA1_col_a_m1",
            "alt": "GATA1",
            "len": 15,
            "nsites": 224,
            "evalue": "2.4e-251",
            "url": "http://neomorph.salk.edu/dap_web/pages/browse_table_aj.php?AGI=GATA1",
            "pwm": [
              [0.642682, 0.000111557, 0.34817, 0.00903657], 
              [0.0625837, 0.227689, 0.0179606, 0.691767], 
              [0.000111557, 0.00457357, 0.995203, 0.000111557], 
              [0.392793, 0.0491966, 0.468652, 0.0893577], 
              [0.0893577, 0.200915, 0.000111557, 0.709616], 
              [0.138443, 0.000111557, 0.789938, 0.0715087], 
              [0.571286, 0.0224226, 0.370482, 0.0358096], 
              [0.0804327, 0.0848947, 0.0581217, 0.776551], 
              [0.0715087, 0.000111557, 0.89257, 0.0358096], 
              [0.437416, 0.0938197, 0.334783, 0.133981], 
              [0.142905, 0.147367, 0.000111557, 0.709616], 
              [0.0179606, 0.0491966, 0.910419, 0.0224226], 
              [0.606984, 0.000111557, 0.357095, 0.0358096], 
              [0.0759707, 0.0625837, 0.0759707, 0.785475], 
              [0.0670457, 0.107207, 0.785475, 0.0402726]
            ]
          }, {
            "db": 0,
            "id": "C2C2gata_tnt.ZML1_col_a_m1",
            "alt": "ZML1",
            "len": 15,
            "nsites": 509,
            "evalue": "5.3e-2363",
            "url": "http://neomorph.salk.edu/dap_web/pages/browse_table_aj.php?AGI=ZML1",
            "pwm": [
              [0.0295133, 0.0589765, 0.00397733, 0.907533], 
              [0.0118348, 0.94289, 0.0354052, 0.00987018], 
              [0.970388, 0.00397733, 0.00790656, 0.0177276], 
              [0.0216559, 0.0373698, 4.91063e-05, 0.940925], 
              [0.00790656, 0.950746, 0.0236205, 0.0177276], 
              [0.958604, 0.015763, 0.00594195, 0.0196912], 
              [0.00397733, 0.0137984, 4.91063e-05, 0.982174], 
              [4.91063e-05, 0.997888, 4.91063e-05, 0.00201372], 
              [0.946818, 4.91063e-05, 0.041298, 0.0118348], 
              [0.0236205, 0.0452272, 0.0137984, 0.917354], 
              [0.0255841, 0.94289, 0.0137984, 0.0177276], 
              [0.962532, 0.00594195, 4.91063e-05, 0.0314769], 
              [0.00987018, 0.00790656, 4.91063e-05, 0.982174], 
              [0.0177276, 0.982174, 4.91063e-05, 4.91063e-05], 
              [0.840748, 0.041298, 0.0511201, 0.066834]
            ]
          }, {
            "db": 0,
            "id": "C2C2gata_tnt.ZML2_col_a_m1",
            "alt": "ZML2",
            "len": 19,
            "nsites": 201,
            "evalue": "1.1e-933",
            "url": "http://neomorph.salk.edu/dap_web/pages/browse_table_aj.php?AGI=ZML2",
            "pwm": [
              [0.0100694, 0.920065, 0.0498506, 0.0200144], 
              [0.925037, 0.0448781, 0.0299605, 0.000124316], 
              [0.000124316, 0.0796867, 0.000124316, 0.920065], 
              [0.000124316, 0.939956, 0.0249879, 0.034933], 
              [0.875311, 0.0200144, 0.0498506, 0.0548231], 
              [0.000124316, 0.0100694, 0.0150419, 0.974763], 
              [0.000124316, 0.969791, 0.000124316, 0.0299605], 
              [0.845475, 0.0946043, 0.0249879, 0.034933], 
              [0.0647692, 0.0448781, 0.000124316, 0.890228], 
              [0.00509684, 0.934982, 0.000124316, 0.0597956], 
              [0.815639, 0.000124316, 0.0747142, 0.109523], 
              [0.0399055, 0.0647692, 0.0597956, 0.83553], 
              [0.034933, 0.900175, 0.0150419, 0.0498506], 
              [0.805694, 0.000124316, 0.0647692, 0.129413], 
              [0.0249879, 0.0150419, 0.0249879, 0.934982], 
              [0.0498506, 0.880283, 0.0647692, 0.00509684], 
              [0.875311, 0.0200144, 0.0399055, 0.0647692], 
              [0.109523, 0.0995768, 0.0200144, 0.770885], 
              [0.0548231, 0.820612, 0.0150419, 0.109523]
            ]
          }, {
            "db": 0,
            "id": "C2H2_tnt.AT4G26030_col_a_m1",
            "alt": "AT4G26030",
            "len": 19,
            "nsites": 591,
            "evalue": "2.9e-771",
            "url": "http://neomorph.salk.edu/dap_web/pages/browse_table_aj.php?AGI=AT4G26030",
            "pwm": [
              [0.230121, 0.377305, 0.121849, 0.270724], 
              [0.345162, 0.252115, 0.138767, 0.263957], 
              [0.348545, 0.263957, 0.175986, 0.211513], 
              [0.28595, 0.289333, 0.10324, 0.321477], 
              [0.377305, 0.219971, 0.0947813, 0.307943], 
              [0.329935, 0.192903, 0.165835, 0.311327], 
              [0.206437, 0.307943, 0.148917, 0.336702], 
              [0.106623, 0.336702, 0.096473, 0.460201], 
              [0.0998564, 0.367154, 0.0575626, 0.475427], 
              [4.2294e-05, 0.676747, 0.00680915, 0.316402], 
              [0.999873, 4.2294e-05, 4.2294e-05, 4.2294e-05], 
              [0.172602, 0.818855, 4.2294e-05, 0.00850086], 
              [4.2294e-05, 0.999873, 4.2294e-05, 4.2294e-05], 
              [0.548173, 0.0507947, 4.2294e-05, 0.400989], 
              [0.994798, 4.2294e-05, 4.2294e-05, 0.00511744], 
              [0.311327, 0.678439, 4.2294e-05, 0.0101926], 
              [0.0947813, 0.597234, 4.2294e-05, 0.307943], 
              [0.372229, 0.187828, 0.0677128, 0.372229], 
              [0.209821, 0.348545, 0.0355693, 0.406065]
            ]
          }, {
            "db": 0,
            "id": "C2H2_tnt.At2g48100_col_b_m1",
            "alt": "At2g48100",
            "len": 6,
            "nsites": 38,
            "evalue": "8.5e-020",
            "url": "http://neomorph.salk.edu/dap_web/pages/browse_table_aj.php?AGI=At2g48100",
            "pwm": [
              [0.105643, 0.000656168, 0.000656168, 0.893045], 
              [0.000656168, 0.998031, 0.000656168, 0.000656168], 
              [0.998031, 0.000656168, 0.000656168, 0.000656168], 
              [0.000656168, 0.998031, 0.000656168, 0.000656168], 
              [0.000656168, 0.998031, 0.000656168, 0.000656168], 
              [0.998031, 0.000656168, 0.000656168, 0.000656168]
            ]
          }, {
            "db": 0,
            "id": "C3H_tnt.At1g70910_col_a_m1",
            "alt": "At1g70910",
            "len": 7,
            "nsites": 50,
            "evalue": "4.3e-037",
            "url": "http://neomorph.salk.edu/dap_web/pages/browse_table_aj.php?AGI=At1g70910",
            "pwm": [
              [0.379741, 0.31986, 0.0603792, 0.24002], 
              [0.000499002, 0.000499002, 0.000499002, 0.998503], 
              [0.000499002, 0.998503, 0.000499002, 0.000499002], 
              [0.998503, 0.000499002, 0.000499002, 0.000499002], 
              [0.000499002, 0.998503, 0.000499002, 0.000499002], 
              [0.000499002, 0.998503, 0.000499002, 0.000499002], 
              [0.998503, 0.000499002, 0.000499002, 0.000499002]
            ]
          }, {
            "db": 0,
            "id": "C3H_tnt.TZF9_col_a_m1",
            "alt": "TZF9",
            "len": 6,
            "nsites": 127,
            "evalue": "1.5e-096",
            "url": "http://neomorph.salk.edu/dap_web/pages/browse_table_aj.php?AGI=TZF9",
            "pwm": [
              [0.000196696, 0.000196696, 0.000196696, 0.99941], 
              [0.000196696, 0.99941, 0.000196696, 0.000196696], 
              [0.99941, 0.000196696, 0.000196696, 0.000196696], 
              [0.99941, 0.000196696, 0.000196696, 0.000196696], 
              [0.000196696, 0.99941, 0.000196696, 0.000196696], 
              [0.99941, 0.000196696, 0.000196696, 0.000196696]
            ]
          }, {
            "db": 0,
            "id": "C3H_tnt.U2AF35B_col_a_m1",
            "alt": "U2AF35B",
            "len": 7,
            "nsites": 85,
            "evalue": "1.5e-059",
            "url": "http://neomorph.salk.edu/dap_web/pages/browse_table_aj.php?AGI=U2AF35B",
            "pwm": [
              [0.176557, 0.164806, 0.164806, 0.493831], 
              [0.000293772, 0.000293772, 0.000293772, 0.999119], 
              [0.000293772, 0.000293772, 0.999119, 0.000293772], 
              [0.000293772, 0.000293772, 0.000293772, 0.999119], 
              [0.000293772, 0.000293772, 0.000293772, 0.999119], 
              [0.000293772, 0.000293772, 0.999119, 0.000293772], 
              [0.999119, 0.000293772, 0.000293772, 0.000293772]
            ]
          }, {
            "db": 0,
            "id": "CAMTA_tnt.CAMTA1_col_a_m1",
            "alt": "CAMTA1",
            "len": 12,
            "nsites": 598,
            "evalue": "2.1e-947",
            "url": "http://neomorph.salk.edu/dap_web/pages/browse_table_aj.php?AGI=CAMTA1",
            "pwm": [
              [0.503302, 0.0936711, 0.195661, 0.207365], 
              [0.718986, 0.0769519, 0.0752802, 0.128783], 
              [0.677187, 0.0100731, 0.220741, 0.0919994], 
              [0.287619, 0.234117, 0.476551, 0.00171352], 
              [4.1799e-05, 0.999875, 4.1799e-05, 4.1799e-05], 
              [4.1799e-05, 4.1799e-05, 0.999875, 4.1799e-05], 
              [4.1799e-05, 0.966435, 4.1799e-05, 0.0334812], 
              [4.1799e-05, 4.1799e-05, 0.999875, 4.1799e-05], 
              [4.1799e-05, 4.1799e-05, 0.00505796, 0.994858], 
              [0.105375, 0.0970156, 0.545102, 0.252508], 
              [0.392953, 0.0552166, 0.260868, 0.290963], 
              [0.396297, 0.0970156, 0.284275, 0.222413]
            ]
          }, {
            "db": 0,
            "id": "CAMTA_tnt.CAMTA5_col_a_m1",
            "alt": "CAMTA5",
            "len": 18,
            "nsites": 600,
            "evalue": "7.2e-750",
            "url": "http://neomorph.salk.edu/dap_web/pages/browse_table_aj.php?AGI=CAMTA5",
            "pwm": [
              [0.294993, 0.311657, 0.226671, 0.166681], 
              [0.140018, 0.594943, 0.140018, 0.125021], 
              [0.110023, 0.0950258, 0.708257, 0.0866942], 
              [0.0883599, 0.379978, 0.0866942, 0.444968], 
              [0.121688, 0.0200383, 0.731587, 0.126688], 
              [0.0650308, 0.0317034, 0.17168, 0.731587], 
